1
6
8
000000000000000000000000000000000000000000000000000000000000001111111111111111111111111111111000001111111111111111111111111111111000000000000000
00000000
00000000
00000000
00000000
00000000
00000000
2
6
8
000000000000000000000000000000000000000000000000000000000000111111111111111111111111111111100000000000000000000000000000000000000000000000000000
00000000
00000000
00000000
00000000
00000000
00000000
3
6
8
000000000000000000000000000000000000000000000000000000000000111111111111111111111111111111100000000000000000000000000000000000000000000000111111
00000000
00000000
00000000
00000000
00000000
00000000
